z = 20.00000000000000000000
x0 = 0.00000000000000000000
x1 = 5.00000000000000000000
