z = 13.33333333333333214910
x0 = 0.00000000000000000000
x1 = 3.33333333333333303727
x2 = 0.00000000000000000000
