z = 83.75000000000000000000
x0 = 0.00000000000000000000
x1 = 8.33333333333333214910
x2 = 11.25000000000000000000
x3 = 0.00000000000000000000
