z = 22.85714285714285765039
x0 = 0.00000000000000000000
x1 = 2.85714285714285720630
