z = 26.25000000000000000000
x0 = 0.00000000000000000000
x1 = 3.75000000000000000000
