z = 263.07692307692315125678
x0 = 0.00000000000000000000
x1 = 30.38461538461539035438
x2 = 11.53846153846154187761
