z = 5.55555555555555535818
x0 = 0.00000000000000000000
x1 = 5.55555555555555535818
x2 = 0.00000000000000000000
x3 = 0.00000000000000000000
