z = 94.00000000000000000000
x0 = 22.00000000000000000000
x1 = 4.00000000000000000000
