z = 1002.00000000000000000000
x0 = 0.00000000000000000000
x1 = 90.00000000000000000000
x2 = 0.00000000000000000000
x3 = 66.00000000000000000000
