z = -276.92307692307701927348
x0 = 55.38461538461540811795
x1 = 0.00000000000000000000
x2 = 62.30769230769234923173
