z = 16.00000000000000000000
x0 = 4.00000000000000000000
x1 = 0.00000000000000000000
