z = 154.07407407407404775768
x0 = 13.33333333333333214910
x1 = 11.85185185185184941759
x2 = 0.00000000000000000000
