z = 3.33333333333333303727
x0 = 0.00000000000000000000
x1 = 1.11111111111111116045
