z = 315.00000000000000000000
x0 = 0.00000000000000000000
x1 = 45.00000000000000000000
