z = 189.09090909090909349288
x0 = 4.54545454545454585826
x1 = 23.63636363636363668661
