z = 351.53846153846188826719
x0 = 0.00000000000000000000
x1 = 0.00000000000000000000
x2 = 22.30769230769233146816
x3 = 41.53846153846157562839
