z = 53.33333333333332859638
x0 = 0.00000000000000000000
x1 = 0.00000000000000000000
x2 = 6.66666666666666607455
