z = -217.50000000000028421709
x0 = 40.00000000000005684342
x1 = 0.00000000000000000000
x2 = 0.00000000000000000000
x3 = 12.50000000000002486900
