z = -640.00000000000000000000
x0 = 80.00000000000000000000
x1 = 0.00000000000000000000
