z = -30.00000000000003197442
x0 = 20.00000000000003552714
x1 = 0.00000000000000000000
x2 = 10.00000000000001065814
