z = 105.00000000000000000000
x0 = 0.00000000000000000000
x1 = 11.66666666666666607455
