z = -121.66666666666668561447
x0 = 17.38095238095238315168
x1 = 13.80952380952381197687
x2 = 0.00000000000000000000
