z = 11.94805194805194936691
x0 = 0.00000000000000000000
x1 = 1.29870129870129868976
x2 = 0.00000000000000000000
x3 = 2.07792207792207817008
