z = 37.50000000000000000000
x0 = 0.00000000000000000000
x1 = 12.50000000000000000000
