z = 119.20634920634920206339
x0 = 5.87301587301587346701
x1 = 13.01587301587301581662
