z = -32.33333333333333570181
x0 = 3.93333333333333223791
x1 = 5.76666666666666660745
x2 = 6.46666666666666589691
x3 = 0.00000000000000000000
