z = 3062.50000000000000000000
x0 = 42.50000000000000000000
x1 = 302.50000000000000000000
x2 = 0.00000000000000000000
