z = 30.00000000000000355271
x0 = 0.00000000000000000000
x1 = 10.00000000000000000000
