z = -193.00000000000005684342
x0 = 32.00000000000000710543
x1 = 7.00000000000000088818
x2 = 0.00000000000000000000
x3 = 0.00000000000000000000
