z = -46.66666666666666429819
x0 = 9.99999999999999822364
x1 = 6.66666666666666163366
