z = 22.50000000000000000000
x0 = 0.00000000000000000000
x1 = 2.50000000000000000000
x2 = 0.00000000000000000000
