z = 25.00000000000000000000
x0 = 0.00000000000000000000
x1 = 6.25000000000000000000
