z = 33.02325581395350440062
x0 = 6.23255813953488324586
x1 = 5.30232558139535026243
x2 = 0.00000000000000000000
x3 = 9.39534883720930302786
