z = 33.33333333333332859638
x0 = 0.00000000000000000000
x1 = 5.55555555555555535818
