z = 6.66666666666666607455
x0 = 0.00000000000000000000
x1 = 3.33333333333333303727
