z = 57.14285714285713879690
x0 = 0.00000000000000000000
x1 = 11.42857142857142704884
x2 = 0.00000000000000000000
