z = 126.93452380952378177881
x0 = 18.83928571428571174806
x1 = 10.50595238095237959897
x2 = 0.00000000000000000000
x3 = 13.63095238095237959897
