z = 94.11764705882353609923
x0 = 0.00000000000000000000
x1 = 15.29411764705882426085
x2 = 9.41176470588235325465
