z = 70.00000000000000000000
x0 = 0.00000000000000000000
x1 = 0.00000000000000000000
x2 = 9.99999999999999822364
x3 = 0.00000000000000000000
