z = 40.00000000000000000000
x0 = 36.25000000000000000000
x1 = 1.25000000000000000000
x2 = 0.00000000000000000000
