z = 22.68292682926829328949
x0 = 1.21951219512195141448
x1 = 0.00000000000000000000
x2 = 5.36585365853658569080
