z = 38.70967741935483985571
x0 = 6.12903225806451601443
x1 = 9.67741935483870996393
