z = 5.45454545454546213534
x0 = 10.90909090909090828347
x1 = 0.00000000000000000000
x2 = 0.00000000000000000000
x3 = 8.18181818181818165669
