z = 60.00000000000000000000
x0 = 6.66666666666666607455
x1 = 0.00000000000000000000
