z = 741.66666666666333185276
x0 = 108.33333333333284542732
x1 = 26.66666666666655416407
x2 = 104.99999999999951683094
