z = 12.85714285714285587403
x0 = 0.00000000000000000000
x1 = 0.00000000000000000000
x2 = 1.42857142857142838110
