z = 119.45578231292513748940
x0 = 0.00000000000000000000
x1 = 1.22448979591837137093
x2 = 11.08843537414965574328
x3 = 34.89795918367344995659
