z = 20.76923076923077005063
x0 = 9.61538461538461497469
x1 = 3.46153846153846167510
x2 = 0.00000000000000000000
x3 = 0.00000000000000000000
