z = 29.37500000000000000000
x0 = 0.00000000000000000000
x1 = 4.37500000000000000000
x2 = 0.62500000000000000000
