z = 1170.00000000000000000000
x0 = 120.00000000000000000000
x1 = 0.00000000000000000000
x2 = 10.00000000000000000000
