z = -70.83333333333332859638
x0 = 22.50000000000000000000
x1 = 9.16666666666666607455
x2 = 0.00000000000000000000
