z = 134.28571428571427759380
x0 = 8.57142857142857117481
x1 = 18.57142857142856939845
