z = 989.99999999999931787897
x0 = 0.00000000000000000000
x1 = 339.99999999999960209607
x2 = 149.99999999999977262632
x3 = 0.00000000000000000000
