z = -97.25490196078430926718
x0 = 2.35294117647058831366
x1 = 0.00000000000000000000
x2 = 11.86274509803921439755
