z = 234.07407407407359301033
x0 = 10.74074074074074047758
x1 = 0.00000000000000000000
x2 = 35.55555555555550739655
x3 = 56.29629629629619813613
