z = 540.00000000000011368684
x0 = 0.00000000000000000000
x1 = 0.00000000000000000000
x2 = 90.00000000000001421085
