z = -130.00000000000000000000
x0 = 25.00000000000000000000
x1 = 0.00000000000000000000
x2 = 32.50000000000000000000
